-19.999192089022802 0.002176317215125565 
-14.443162654071745 -11.626827823589352 
-14.443162654071745 -11.626827823589352 
-19.999192089022802 0.002176317215125565 
-19.081556954678902 3.794623256498668E-4 
-17.03694964378743 -3.8772138081864447 
-17.943428610094692 -3.875190193228651 
-15.150127808985268 -9.541528947493926 
-18.762042770542593 -0.7042634814008382 
-15.469123541580313 -8.267155321818926 
-18.711476481897613 -0.8675887357214896 
-16.368033086417864 -6.435258859081081 
-15.391958756408574 -8.569648534625806 
-15.878876991233778 -7.751144328101923 
-18.423861303073124 -2.063620508259777 
-15.642627611520986 -7.753783445435719 
-16.79787131726286 -4.466602915384471 
-18.972748797682563 -0.17953703853210706 
-18.65198791051398 -1.0790788085855587 
-18.079068387782364 -3.6302093633032215 
-14.549069449624167 -11.544545421038897 
-18.93365626816533 -0.24556086567952087 
-18.468969974895078 -1.8504037780433018 
-18.23915407820995 -2.9669132283559327 
-15.540818926753943 -8.021272409355287 
-16.93936656984323 -4.067842266772762 
-18.283238494408426 -2.7534007848471562 
-18.84583981389392 -0.4659070332581184 
-16.607333345830472 -5.307065351139638 
-15.198199810268385 -9.312085543713321 
-14.870879850419037 -10.684422074367482 
-16.50838436531115 -5.764484573106822 
-16.00158917567854 -7.624446768389687 
-18.38598120203098 -2.246980279290867 
-16.11093637888908 -7.3996605933199415 
-16.308790329400807 -6.690030502308643 
-16.46967626452894 -5.94406015469559 
-18.028820465369343 -3.768935853441566 
-16.690713816790282 -4.895779523495894 
-15.006198526029012 -10.15875449438794 
-18.557460939977293 -1.456247715957051 
-16.39914070220089 -6.286226399965891 
-18.8507264185082 -0.4222036796806819 
-15.320028838821415 -8.794200136046658 
-15.085421923244784 -9.831679554895658 
-14.692602165117211 -11.252869370147204 
-14.785503705808418 -10.998400821024347 
-16.533865482846128 -5.62228303938296 
-15.269995856455596 -8.979142046487407 
-16.17622145082671 -7.1829779096317035 
-16.736340231403226 -4.697250242187642 
-18.104056765425952 -3.398510209252457 
-14.627247926723618 -11.408857349680265 
-14.754468152509894 -11.092126959077827 
-15.244652587943076 -9.137402758080402 
-16.252849841389324 -6.881945261767487 
-15.572444688285628 -7.902584513512087 
-18.338616522754762 -2.480447388225633 
-15.031698699025235 -9.958775319501694 
-18.25648711362731 -2.7831342893688187 
-14.45872855095034 -11.617106429246073 
-16.645272117959912 -5.116726129551157 
-18.49655400072961 -1.7238938087595086 
-14.609645295536891 -11.420366224178622 
-14.940433842602435 -10.441628636259306 
-15.623976954061538 -7.7823042233648305 
-18.617601846283048 -1.2105685048210126 
-15.982358194365773 -7.6783831015569115 
-14.716762504531916 -11.194321953720916 
-14.973834200321125 -10.257789395122323 
-15.90363467248112 -7.710183108664984 
-16.645272117959912 -5.116726129551157 
-17.98041474011832 -3.8523666460561805 
-16.573168390644536 -5.433358798630921 
-16.214838810581966 -7.054836678651776 
-16.823719045532705 -4.320945645547118 
-16.56634750584741 -5.497437597100207 
-15.085421923244784 -9.831679554895658 
-15.302593772100582 -8.875158079295765 
-16.44651225934141 -6.071413786261608 
-16.892419423021142 -4.172269324663401 
-14.960285407734338 -10.352155455176069 
-16.22969595265868 -7.000608719811629 
-16.284025046351736 -6.781182104744698 
-18.576977053349932 -1.3602371225829928 
-14.826587832104945 -10.844344672206791 
-14.826587832104945 -10.844344672206791 
-18.1989618113634 -3.1540157654816285 
-15.428029247022153 -8.429114571151063 
-18.173372641336403 -3.268161133753386 
-16.0891628257601 -7.4466944584934875 
-16.42882355413124 -6.149450050583206 
-15.428029247022153 -8.429114571151063 
-16.0891628257601 -7.4466944584934875 
-14.905763440427922 -10.551911026415569 
-16.841418579991842 -4.209675578573242 
-18.338616522754762 -2.480447388225633 
-16.18032861123512 -7.170503340733155 
-18.130821447135588 -3.3793996415255467 
-16.916037558143067 -4.109942187911555 
