-1.711713261939255E-5 2.7073995588769957E-5 -3.709515403567678E-4 
-1.1500843346680076 -1.1507598371432413 -1.1518184961790674 
-1.1500843346680076 -1.1507598371432413 -1.1518184961790674 
-1.711713261939255E-5 2.7073995588769957E-5 -3.709515403567678E-4 
3.0200814461017447E-5 2.9303974015606597E-5 -0.4816508842333498 
-0.48455187237168895 3.487576654492646E-5 -1.1404185772219448 
3.0238149802858693E-5 2.8509360154019374E-5 -1.1511481620749273 
-1.0894487840079914 -0.8503054143710677 -1.10620367273919 
3.0830425167092005E-5 7.294921319142054E-6 -0.6607439535302163 
-1.0718859646886982 -0.6775346146081328 -1.1104761466452142 
3.0830425167092005E-5 2.84222550278615E-5 -0.6896708688905036 
-0.9817422486099514 2.4233448405924638E-5 -1.0223606727764292 
-1.0961050164383441 -0.737527193390082 -1.0678235816544996 
-1.153148711418501 3.6477278162698146E-5 -1.1542767377686372 
3.0830425167092005E-5 7.291661210730274E-6 -0.8575463056062114 
-1.0984594774811949 -0.5453106250995631 -1.1035836075474688 
-1.0588395479791444 0.002686296370432939 -0.692655822451947 
-1.9446489024528916E-5 2.0062538219035805E-5 -0.5419339626522499 
3.0238904518655482E-5 2.8170759369637222E-5 -0.7239321441557124 
-1.9446489024528916E-5 2.8015961896895843E-5 -1.0665004158304041 
-1.1222967777601958 -1.1224968338826429 -1.1327915834603925 
-1.711713261939255E-5 -0.0017013005674642034 -0.5618903692741314 
-2.013968173199024E-5 2.5481205201895402E-5 -0.83084265083142 
-1.9446489024528916E-5 2.0493745554059897E-5 -0.9684027841825787 
-1.0606064589985467 -0.6442194102019425 -1.1081214089452516 
-1.1142740988346105 -0.0017013005674642034 -0.5618903692741314 
-2.3026818271797427E-5 2.8171955819224985E-5 -0.9417114662178571 
3.0830425167092005E-5 8.895518014535997E-6 -0.6131528355125339 
-0.9205358186329438 2.0097654676095095E-5 -0.9383591436803682 
-1.0985848323226888 -0.8149299635158049 -1.1108474211544448 
-1.1212217238135926 -0.9862942665138226 -1.0900252827232615 
-1.0087411634546088 -6.775173526909484E-4 -0.9103808698012954 
-1.098449914591174 0.0021792882641322175 -1.1320445833637989 
3.0830425167092005E-5 2.84222550278615E-5 -0.8800684260215301 
-1.0721970088492667 1.2685661315299198E-5 -1.0901586618091805 
-1.0389292065386262 2.286808144632787E-5 -1.0014214054439683 
-1.0215815922752387 2.932722531170028E-5 -0.9210377082266588 
3.0238149802858693E-5 2.6699745588447965E-5 -1.0976870916431656 
-0.8852979044324611 2.932722531170028E-5 -0.9235730203038353 
-1.0606064589985467 -0.9418547500859318 -1.1081214089452516 
2.9211219400183817E-5 2.528539098048503E-5 -0.7788626824962082 
-0.9612064131867837 2.2174919327005735E-5 -1.024024252102225 
3.0238904518655482E-5 0.0038328420230252375 -0.6060885198529247 
-1.1212217238135926 -0.74481997888674 -1.089403550264114 
-1.048152650031498 -0.9149572541737282 -1.097396448562938 
-1.1074082338023201 -1.0581555634260835 -1.135649380285301 
-1.1094445158193187 -1.0351793392709154 -1.0903372469930068 
-0.878559115622153 2.637202242632676E-5 -1.0257393713925007 
-1.1266826811485995 -0.7697775814572446 -1.089409353079064 
-1.0476718403777372 -0.0040582972313478955 -1.0742471584272524 
-1.0569290145643857 2.8170759369637222E-5 -0.7299154897178377 
3.0213478365718745E-5 -0.014850273387278401 -1.032730894351167 
-1.108023940124321 -1.090063750537128 -1.135649380285301 
-1.1016831920393324 -1.0534718109776857 -1.0923294848805498 
-1.0894487840079914 -0.8503054143710677 -1.0267844836732438 
-1.074034784369907 2.286808144632787E-5 -1.0008728988115294 
-1.0408600636707857 -0.655696192030781 -1.090217700866266 
-1.666167736740352E-5 2.0675639205662665E-5 -0.9084070305497662 
-1.0273872217580913 -0.9882059629803839 -1.0338902256653528 
-0.008204759000756678 2.8166637795579E-5 -0.9480100116266098 
-1.1499226277781085 -1.1507598371432413 -1.13671000934702 
-0.9711966452698261 2.8207541813869764E-5 -0.8654232868988386 
-1.9446489024528916E-5 2.0062538219035805E-5 -0.8145892323390856 
-1.10818564701422 -1.090063750537128 -1.1521654791758342 
-1.0840536130856946 -0.985012339631075 -1.0666508605960547 
-1.0718859646886982 -0.577598435901968 -1.1104761466452142 
3.0830425167092005E-5 2.84222550278615E-5 -0.7438426162641945 
-1.1222271162759323 1.603947614729449E-5 -1.1202408056771613 
-1.1291280123229872 -1.0482528766937498 -1.1100258140924502 
-1.087385657195132 -0.985012339631075 -1.0327413067894549 
-1.1235691514097506 1.603947614729449E-5 -1.1683771829975014 
-0.9711966452698261 2.8207541813869764E-5 -0.8654232868988386 
3.0830425167092005E-5 2.84222550278615E-5 -1.1279210079846007 
-0.8562056203394341 1.603947614729449E-5 -1.024686074651125 
-1.0676913856950918 2.8500967647130722E-5 -1.0304327696311393 
-0.9772725668753905 2.528539098048503E-5 -0.754631039295965 
-0.897741307006674 4.2987365084094826E-5 -0.9862392254504164 
-1.048152650031498 -0.9149572541737282 -1.097396448562938 
-1.0273872217580913 -0.8541056059008194 -1.0338902256653528 
-0.9471053729741183 2.933073305564357E-5 -1.0092762813015466 
-0.6449582764486219 8.612923383595175E-6 -1.0519965143995444 
-1.0714625710021886 -0.9857647871454026 -1.0598205845548243 
-1.063227153121842 2.63311498385313E-5 -1.0257393713925007 
-1.0542659906494727 7.734734071024873E-6 -1.001351056339183 
3.0238904518655482E-5 0.0012154456782871303 -0.7660996996820636 
-1.071180268974238 -1.0351793392709154 -1.0903372469930068 
-1.071180268974238 -1.0351793392709154 -1.0903372469930068 
3.0200814461017447E-5 2.9303974015606597E-5 -0.9928364507823493 
-1.053235017669337 -0.7316389069091482 -1.0903726620773464 
3.0830425167092005E-5 7.291661210730274E-6 -1.0084785455926857 
-1.0762425590967029 -0.002675431875801826 -1.0996416827816893 
-0.9494567989950004 2.418278291697415E-5 -1.0177257066934722 
-1.053235017669337 -0.7316389069091482 -1.0903726620773464 
-1.0762425590967029 -0.002675431875801826 -1.0996416827816893 
-1.1153209296309952 -0.985012339631075 -1.0666508605960547 
-0.5828216196038914 2.6499548196008212E-5 -1.1522949099763704 
-1.666167736740352E-5 2.0675639205662665E-5 -0.9084070305497662 
-1.0476718403777372 -0.004062865646118019 -1.071701976590244 
0.00610513282496461 2.8211923780534613E-5 -1.0271171752078114 
-1.1217099088638534 -0.0018977116335629068 -0.5682923091694321 
